 43 121 329 621 1217 2516 8464 12466 33938 89731 0
 43 108 364 585 1208 2805 8039 12740 34019 90200 0
 44 121 293 570 1123 3038 7667 13182 34746 90437 0
 50 110 288 587 1229 2993 7492 13439 35209 90276 0
 46 148 270 652 1301 2890 7107 13619 36441 90310 0
 50 160 238 687 1290 2923 6641 13465 36902 89849 0
 48 127 274 694 1278 2904 6394 13525 36884 89104 0
 51 154 390 647 1253 2950 6316 13432 36626 88405 0
 49 162 520 626 1224 2883 6412 13323 36514 87587 0
 56 162 607 727 1146 3043 6516 13109 36434 86933 0
 60 150 585 668 1258 3224 6712 13028 36660 87387 0
 59 123 509 750 1338 3293 6919 12745 36482 87435 0
 43 124 427 745 1433 3138 7027 12688 36333 87960 0
 51 137 385 659 1823 2973 7107 12579 36068 88018 0
 44 123 329 600 1906 3054 7231 12536 35782 87980 0
 42 138 327 738 1658 3082 7265 12694 35148 87188 0
 50 139 352 884 1720 3148 7248 12985 34893 87024 0
 53 136 370 913 1730 3082 7320 13121 34804 85984 0
 50 116 353 782 1618 2920 7373 13149 35147 85296 0
 43 113 327 674 1448 2738 7422 13011 35416 84727 0
 43 129 372 658 1256 2492 7426 12834 35800 84231 0
 47 150 398 825 1247 2318 7467 12651 35957 83688 0
 51 112 377 812 1152 2194 7461 12708 36568 83323 0
 40 124 355 817 1119 2040 7407 12707 37142 82878 0
 48 140 306 765 1167 1956 7398 12928 38283 83043 0
 42 148 299 717 1165 2224 7329 12858 38489 82422 0
 52 150 330 716 1091 2416 7473 12675 38257 81563 0
 51 152 444 654 1195 2767 7517 12288 37734 80261 0
 45 152 405 544 1307 2422 7685 12046 37819 79548 0
 47 134 405 575 1456 2113 7869 11815 37729 78506 0
 38 124 321 630 1471 2201 8190 11735 38163 77818 0
 50 136 365 738 1362 2328 8391 11646 38359 77422 0
 52 148 433 797 1335 2337 8691 11570 38623 77335 0
 46 132 388 780 1323 2307 8988 11522 38601 77500 0
 41 128 318 729 1246 2242 9248 11378 38303 77639 0
 43 130 330 771 1337 2253 9345 11274 37679 77486 0
 45 139 362 859 1404 2648 9407 11548 37591 77925 0
 46 145 395 833 1421 3060 9262 11657 37328 77758 0
 50 155 390 678 1359 3099 9331 11942 37678 78560 0
 53 162 384 666 1291 3171 9210 12152 38298 79041 0
 56 184 352 656 1513 3233 9022 12301 39113 79605 0
 65 180 320 656 1524 3261 8809 12377 39304 79749 0
 75 161 302 717 1406 3397 8597 12453 39569 79827 0
 59 145 296 757 1388 3513 8304 12309 39508 79649 0
 48 131 339 730 1508 3618 8014 12288 39833 80437 0
 53 134 324 653 1608 3666 7802 12307 40072 80658 0
 47 137 293 611 1591 3371 7733 12258 41280 81986 0
 51 143 321 552 1569 3206 7400 12308 42175 82667 0
 49 148 390 599 1568 2816 7044 12417 42787 82976 0
 57 146 421 674 1436 2276 6826 12479 42143 82320 0
 50 135 423 664 1363 1844 6895 12860 40630 81450 0
 51 141 451 840 1508 1897 6860 13044 39156 80325 0
 49 164 421 953 1616 2224 6761 13186 38259 80689 0
 55 160 386 917 1629 2408 6797 13346 37191 81228 0
 49 150 366 799 1461 2734 6839 13514 36672 82691 0
 49 166 353 758 1590 2949 6677 13415 36281 83284 0
 56 147 375 624 1759 3082 6536 13350 36856 83864 0
 47 148 391 665 1735 3146 6443 13237 37858 84476 0
 48 152 401 671 1386 3050 6532 13431 39608 85586 0
 50 161 383 670 1466 3028 6684 13812 41158 86512 0
 55 171 394 672 1579 3055 6813 14601 42792 87235 0
 64 172 340 705 1623 3100 6586 14861 43709 86163 0
 68 173 320 711 1570 3231 6291 15076 44664 84678 0
 52 176 378 657 1422 3404 6011 15202 44865 82749 0
 65 178 391 600 1480 3466 5803 15578 44776 81911 0
 60 162 393 622 1467 3502 5843 15478 44779 81592 0
 58 155 492 734 1418 3493 5705 15292 45244 82569 0
 53 191 482 693 1415 3387 5539 14967 45473 83762 0
 73 181 490 694 1637 3391 5326 14689 45817 85443 0
 79 143 427 802 1731 3399 5515 14267 45695 86356 0
 63 141 369 856 1716 3549 6463 13848 45252 87010 0
 59 181 367 894 1623 3592 6546 13310 44553 86914 0
 69 167 360 720 1565 3541 5670 12948 43925 87331 0
 52 138 329 709 1475 3478 5508 12836 42720 87168 0
 46 126 338 684 1378 3512 5813 13091 41785 87471 0
 42 130 339 673 1283 3555 5829 13225 41126 87323 0
 46 133 348 626 1460 3715 5979 13645 41224 87950 0
 46 152 362 636 1449 3809 6220 13963 41048 88184 0
 51 148 386 688 1407 3868 6734 14626 40647 88543 0
 48 154 462 750 1302 3828 6942 14907 40172 87619 0
 49 155 463 824 1362 3759 6928 15070 40302 86389 0
 51 177 405 936 1485 3684 6712 15211 40127 85471 0
 45 159 355 870 1672 3691 6389 15458 40134 85432 0
 58 160 347 794 1732 3667 6118 15556 40136 85409 0
 68 173 365 667 1853 3660 5873 15777 39702 85698 0
 63 218 338 790 1893 3548 5960 15678 38520 85311 0
 47 194 317 752 1838 3450 6302 15808 37709 85913 0
 45 161 331 828 1800 3671 6514 15725 37187 86388 0
 47 181 365 1007 1739 3791 6718 15658 37037 86917 0
 52 186 368 1042 1667 3894 6878 15661 37237 87216 0
 59 190 427 1028 1782 3889 7016 15558 37356 87386 0
 59 177 502 990 1799 3859 7127 15443 37494 87434 0
 60 146 549 980 1869 3795 7346 15530 38095 88402 0
 52 191 494 952 1846 3670 7451 15484 38750 88924 0
 44 139 325 821 1815 3515 7339 15802 40236 90655 0
 44 134 301 712 1739 3506 7238 16323 41330 92113 0
 42 172 301 610 1811 3575 7072 16740 42069 93514 0
 42 180 304 619 1801 3555 7030 16788 42251 93768 0
 45 162 301 748 1730 3470 7064 16697 42332 94090 0
 46 142 283 879 1710 3407 7101 16562 42055 93885 0
